1	-0.318413 -1.21795 
2	-1.79794 -1.39083 
4	0.934191 0.955815 
1	0.11434 -1.18215 
2	-1.37035 -0.291296 
3	-0.367827 0.611865 
1	0.412775 -1.09532 
1	-0.582098 -1.26806 
1	-0.10622 -1.21411 
1	0.626736 -0.0724275 
1	0.205606 0.521452 
3	-0.67087 1.34972 
1	-0.42926 -1.40479 
1	-0.609042 -1.05135 
1	0.533898 -0.39857 
1	-0.775164 -1.76437 
1	0.460854 -0.540745 
4	0.4751 -0.0234487 
3	-0.766838 1.13979 
1	0.297798 0.393658 
1	-0.0320054 -1.77205 
1	0.507247 0.385023 
1	0.857515 -0.361757 
1	0.820228 -0.697503 
1	0.771112 -0.333459 
1	-0.154336 -0.903512 
1	0.425122 -1.24801 
1	-0.329967 -0.881618 
1	0.269002 -0.0603524 
1	0.546261 -0.822675 
1	0.34031 -1.14003 
1	0.405496 0.813357 
1	-0.6651 -1.20139 
1	0.727723 -1.19261 
1	-0.191764 -1.5926 
1	0.198427 -0.563955 
1	-0.708187 -1.01164 
1	0.556782 -0.0845066 
1	0.0415406 -0.0523271 
1	0.00941473 -1.33768 
1	-0.291614 -0.0303997 
1	0.466418 0.333907 
1	-0.0492014 -0.965957 
1	0.0608426 -1.22161 
1	0.193056 0.497063 
1	0.597086 -1.18184 
1	0.394033 -0.489697 
1	-0.237958 -0.0776144 
1	0.398009 -0.615076 
1	0.547139 0.659244 
1	0.30047 -0.216224 
1	0.0751844 -1.18873 
1	-0.439272 -1.66333 
1	-0.764908 -0.792952 
1	-0.681346 -1.03315 
1	0.326637 -0.076546 
1	0.324458 -1.14063 
1	0.281728 -0.889849 
1	0.137292 -1.35477 
1	0.060532 -0.925386 
1	-0.245536 -0.680651 
1	0.32374 -0.0133965 
1	-0.165127 -1.18015 
1	-0.0174504 -1.5216 
1	0.484287 -0.0444743 
1	0.202117 0.244643 
1	0.225879 -0.932223 
1	0.178992 -0.792118 
1	0.724248 -0.420055 
1	0.120879 0.528268 
1	0.448439 -0.207869 
1	0.663592 0.488985 
1	0.523021 -1.01982 
1	-1.3221 -0.750155 
1	0.64119 -0.149322 
1	0.321112 -0.949358 
1	0.393407 0.756749 
1	-0.777002 -0.728569 
1	-0.632051 -1.12233 
1	-0.851358 -0.678049 
1	0.50507 -0.583693 
1	-0.547085 -1.25455 
1	0.226895 0.088813 
1	0.166577 0.479858 
1	0.16808 -1.04328 
1	0.103541 -1.07263 
1	0.343524 0.448778 
1	-0.371664 -1.61738 
1	-0.369572 -0.953204 
1	0.603104 -0.660407 
1	0.110673 -1.23815 
1	0.594517 0.162669 
1	0.176884 -1.27744 
1	0.134835 -0.175039 
1	0.935048 -0.194118 
1	0.0954758 -1.69441 
1	0.33601 -0.927746 
1	1.0474 0.536286 
1	-0.823939 -1.17352 
1	0.467318 0.0826343 
1	0.320783 -0.203629 
1	0.606651 -0.962705 
1	-0.51002 -0.862466 
1	-0.0845861 -1.05753 
1	-0.246388 -1.0525 
1	0.199263 -0.349252 
1	0.39494 0.385015 
1	-0.709553 -1.15531 
1	-0.112951 0.329401 
1	-0.485458 -0.920466 
1	0.16852 -1.22767 
1	0.136042 -1.02031 
1	0.639807 0.178675 
1	0.294303 0.451828 
1	-0.166657 -0.931931 
1	-0.331301 -0.924447 
1	-0.014958 -1.34463 
1	0.0196934 0.321638 
1	0.572032 -0.310592 
1	-0.933132 -0.65071 
1	0.416019 -0.136391 
1	-0.528772 -1.66947 
1	0.789075 -0.280479 
1	-0.424239 -1.19942 
1	0.157861 -0.813256 
2	-1.37898 -1.31414 
2	-1.3401 -0.461761 
2	-1.51978 -0.947017 
3	0.332591 0.658231 
3	-0.449715 1.55137 
2	-1.36891 -1.62617 
2	-1.92994 -1.26993 
2	-1.62598 -1.92747 
2	-1.56332 -2.27301 
2	-1.11856 -1.92878 
2	-1.51178 -1.29334 
2	-1.28698 -0.174431 
2	-1.8229 -2.08794 
2	-1.74395 -1.72902 
1	-0.416337 -1.20151 
1	-1.19425 -0.729208 
2	-1.5204 -1.65802 
2	-1.71381 -0.907228 
2	-0.749305 0.359157 
2	-1.64734 -0.509713 
2	-1.5023 -0.310643 
2	-0.248894 -0.357928 
2	-1.24961 -0.498328 
2	-1.20121 -0.099232 
2	-1.54398 -1.7147 
2	-0.604114 0.0761831 
2	-1.66234 -0.68925 
2	-1.01936 0.115617 
2	-1.12314 -0.0533641 
2	-1.52721 -1.28802 
2	-1.59427 -1.70216 
2	-0.238501 -0.0922339 
2	-0.336645 -0.636696 
2	-1.65715 -0.820166 
2	-0.69789 -0.425357 
2	-1.01162 -0.341468 
2	-0.235006 -0.500217 
2	-1.5008 -0.568597 
2	-1.23857 -2.12034 
2	-0.874485 -0.250166 
2	-1.93451 -0.703231 
2	-0.944224 -0.084636 
2	-1.26362 -0.571523 
2	-0.434448 -0.756342 
2	-1.40251 -2.07749 
2	-1.67539 -0.427029 
2	-0.768202 0.206661 
2	-0.162597 -0.403994 
2	-1.07746 -1.38979 
2	-0.554689 -0.245008 
2	-0.208019 -0.189427 
2	-1.18835 -1.7832 
2	-0.17141 -0.219011 
2	-0.224634 0.0796351 
2	0.2677 -0.591079 
2	-0.512799 -0.0797941 
2	-1.70534 -0.896378 
2	-1.0114 -1.84356 
2	-0.175351 -0.375818 
2	-0.783396 -0.712783 
4	1.73825 0.171012 
2	-1.28003 -1.67218 
2	-1.8006 -0.998204 
2	-0.989932 0.635492 
2	0.0341756 -0.184301 
2	0.152123 -0.0194262 
2	-1.46366 -0.517575 
2	-0.751473 -0.106646 
2	-1.739 -0.636923 
2	-1.26344 -0.185416 
2	-0.885558 -0.246016 
2	-1.67382 -1.50537 
2	-0.629686 -0.386795 
2	-1.30437 -0.790627 
2	-1.25101 -0.352826 
2	-1.59951 0.0749423 
2	-1.79127 -1.28805 
2	-1.42913 -0.330438 
2	-0.14386 -0.15326 
2	-1.36144 -1.30139 
2	-1.65333 -1.58808 
2	-0.796122 0.324328 
2	-1.68687 -0.30004 
2	-0.128477 -0.395363 
2	-1.45421 -2.11288 
2	-1.67792 -0.162111 
2	-1.05445 0.0419826 
2	-0.893319 0.257638 
2	-1.09886 -0.320833 
2	-1.47465 -1.00295 
2	-0.883814 -0.00794111 
2	-1.7722 -1.47993 
2	-1.04183 -1.95033 
2	-1.38766 0.288282 
2	-1.62255 -1.08038 
2	-0.514587 -0.299658 
2	-1.01015 -0.153943 
2	-0.793153 -0.280879 
2	-1.60334 -0.19679 
2	-0.592958 -0.439091 
2	-2.12206 -1.17081 
2	-0.711753 0.241656 
2	-2.02814 0.0750834 
2	-1.89515 -0.675505 
2	-1.61243 -1.82654 
2	-1.57618 -1.74826 
2	-1.64179 -0.488642 
2	-1.18355 -1.32402 
2	-0.918341 -1.61225 
2	-1.40879 -0.573462 
2	-0.867269 0.402124 
2	-0.810162 0.0809171 
2	-0.744724 -0.094202 
2	-1.49487 0.325278 
2	-1.41564 -0.101851 
2	-1.23841 -1.54753 
2	-0.520235 -0.274059 
2	-0.806964 0.141499 
2	-0.724004 0.104948 
2	-0.292892 -0.327231 
2	-0.7684 -0.485317 
2	-0.931733 0.118752 
2	-1.64815 -0.306178 
3	1.24481 1.09871 
3	-0.144861 0.0170972 
3	0.402855 1.00628 
3	-0.372323 -0.26738 
3	-0.335024 0.814634 
3	-1.08148 -0.0149706 
3	-0.621344 0.202647 
3	0.916399 0.662428 
3	0.338301 -1.42254 
3	-1.19388 0.286767 
3	1.13265 0.997437 
3	-0.0375353 0.958761 
3	0.909592 1.14666 
3	-0.0317675 -0.667374 
3	-0.159273 -1.21733 
1	-0.726159 -0.515805 
2	-1.24995 -1.629 
2	-1.21309 0.0536539 
3	0.205867 1.164 
3	0.0809539 0.738533 
3	-1.01203 0.601235 
3	0.262748 0.898464 
3	-0.391295 0.718503 
3	0.566486 1.61667 
3	0.954041 1.57418 
3	-0.394696 2.19495 
3	-0.3828 0.586284 
1	-0.510015 -0.82743 
3	1.23962 1.60828 
3	0.0309812 -0.632575 
3	-0.177328 1.27551 
3	-0.0874353 0.111873 
3	-0.125755 -0.0586568 
3	-0.534961 0.638313 
3	1.01675 0.0438625 
3	1.0788 1.30581 
3	-0.762743 -0.507572 
3	-0.32241 0.605957 
3	-0.280746 0.553299 
3	-0.366245 -1.24238 
3	0.921612 1.80183 
3	0.619508 1.10586 
3	0.586017 1.20214 
3	0.594114 0.800802 
3	-0.14102 0.472242 
3	0.519298 0.980306 
3	-0.51005 0.381098 
3	0.459567 1.24806 
3	0.24929 1.35908 
3	0.338539 1.2543 
3	-0.37549 1.04329 
3	0.730746 0.987487 
3	0.776505 1.24763 
3	-0.976165 0.251794 
3	-0.202542 1.09382 
3	-0.752631 -0.382345 
3	-0.633734 -0.233333 
3	-1.22553 0.360326 
3	-0.179781 0.337022 
3	0.578786 1.33011 
3	-0.61117 0.9379 
3	-0.477209 -0.283251 
3	-0.813809 0.481248 
3	-0.0485192 1.26729 
3	0.762598 1.30393 
3	-0.228518 0.234818 
3	-0.907334 0.0418277 
3	-0.48795 0.290341 
3	1.18051 0.735626 
3	-0.702201 0.679504 
3	-0.318923 0.812985 
3	-0.617446 0.53666 
3	-0.109345 1.80847 
3	0.536947 0.92372 
3	0.985832 0.811246 
3	-0.125988 0.497806 
3	0.377853 0.375084 
3	-0.0940703 -0.760735 
3	0.377802 1.0567 
3	1.55656 0.412155 
4	1.15368 1.77405 
3	-0.917808 -0.433757 
3	-0.771737 -0.00279937 
3	-0.392727 -0.0238172 
3	1.14084 0.766978 
3	-0.00497669 1.59116 
3	0.469215 1.01704 
4	1.37552 0.71014 
3	-0.410006 0.0245677 
3	-0.179008 1.17817 
3	-0.550393 0.763681 
3	0.515848 0.534574 
3	-0.288054 -0.796162 
3	-0.31999 0.450534 
3	-0.228797 1.09115 
3	0.477168 1.36863 
3	-0.448961 0.316684 
3	-0.740955 0.731362 
3	0.584836 0.764185 
3	0.835806 1.52657 
3	-0.106176 1.12786 
3	0.658605 1.03887 
3	-0.250993 0.79104 
3	-0.240858 0.846964 
3	-0.0809722 1.07053 
3	0.90701 0.885918 
3	1.01565 1.323 
3	-0.456619 0.986034 
3	-0.71797 0.540967 
3	0.784699 0.518647 
3	-0.122518 1.20638 
3	0.727966 0.892009 
3	0.656405 1.58285 
3	-0.662492 0.911056 
2	-1.68736 -1.04194 
2	-1.89739 -1.61241 
3	0.91381 1.17017 
3	1.17424 1.5373 
3	0.556873 0.681089 
3	-0.641059 -0.282594 
3	0.265561 0.860378 
3	1.62418 -0.288714 
3	-0.65295 -0.258401 
3	0.601433 1.81622 
3	-0.643877 0.873484 
3	-0.569728 0.485258 
2	-1.692 -0.862476 
4	1.79613 1.06263 
4	1.48424 0.512616 
1	-1.05947 -0.808073 
4	-0.105961 0.877126 
4	1.60603 1.68799 
4	1.295 0.582403 
4	0.417897 1.27115 
3	-0.623668 0.473985 
4	2.32855 0.651905 
4	0.776777 0.0873977 
4	1.30973 1.05119 
4	1.75186 0.0835282 
4	0.872248 1.88262 
4	1.40673 0.892875 
4	1.49537 -0.144863 
4	1.22559 0.141179 
4	1.31569 -0.0878861 
4	1.18615 1.87496 
4	2.18557 1.39406 
4	1.98759 1.30832 
4	0.486054 1.02466 
4	1.36362 1.5666 
4	1.16342 -0.00147228 
4	1.5354 1.45888 
4	1.38278 -0.0441234 
4	0.704596 -0.173302 
4	1.14782 1.63857 
4	1.0483 -0.550284 
4	1.22298 0.807485 
4	1.25142 0.252124 
4	1.30822 1.46325 
4	0.537967 1.10017 
4	0.61686 -0.228718 
4	0.355269 0.650053 
4	0.912798 -0.402854 
4	0.976498 0.441702 
1	0.00485764 -1.41767 
4	0.919286 -0.332324 
4	2.0185 1.26941 
4	0.0485257 -0.6491 
4	1.54274 0.973628 
4	1.86581 2.42435 
4	1.46921 -0.436168 
4	0.393924 0.395524 
4	1.19288 -0.759639 
4	-0.241314 1.09113 
4	0.70245 0.206593 
4	1.34375 0.779984 
4	1.84393 0.743129 
4	1.70404 0.971097 
4	1.28615 0.256268 
4	1.40545 -0.24304 
4	0.819488 1.85281 
4	0.0135126 0.089699 
4	-0.208974 0.506182 
4	0.551455 -0.155217 
4	0.778314 -0.0499062 
4	0.915148 0.97962 
4	1.35375 0.936014 
4	1.78205 0.813857 
4	1.29615 0.525738 
4	1.72157 0.416885 
4	1.39446 0.410347 
4	0.294921 1.40942 
4	1.08034 0.46014 
4	1.87189 1.79075 
4	1.82062 0.325206 
4	1.88184 0.810923 
4	1.21872 1.66177 
4	1.39868 2.37771 
4	0.963514 2.34355 
4	-0.447662 0.790046 
4	1.24786 2.19036 
4	1.31499 0.0289724 
4	1.50894 0.506223 
4	0.0701781 0.473003 
4	1.7116 1.91088 
4	1.64572 1.10352 
4	-0.280536 0.54614 
4	1.3965 0.320868 
4	0.669578 -0.487162 
4	1.08006 0.487687 
4	1.35449 0.6293 
4	0.289496 0.297817 
4	0.880839 0.150189 
4	1.18534 0.769422 
4	1.24938 1.33544 
4	1.79972 0.194614 
4	0.987028 -0.279314 
4	1.52045 0.483188 
4	0.474429 0.199904 
4	1.76073 1.21953 
4	-0.398189 0.597308 
4	1.16964 -0.115535 
4	1.40063 1.45306 
4	1.11073 0.103701 
4	-0.109469 0.556651 
4	1.07246 1.77117 
4	1.24475 -0.408938 
4	1.0884 1.0275 
4	0.211976 0.743353 
4	1.11282 1.14247 
4	0.552118 0.532389 
4	1.21381 0.159527 
4	-0.152325 0.347345 
4	2.10633 1.41635 
4	1.90156 0.156222 
4	2.03437 1.41557 
4	1.94159 1.50698 
4	1.59153 0.499899 
4	1.60646 1.41535 
4	1.8518 0.530317 
4	2.09591 0.0701671 
4	0.562654 0.698892 
4	0.821285 1.47541 
4	1.68588 0.44688 
4	0.863668 0.883934 
4	-0.0947772 0.498247 
4	1.4717 1.98536 
4	1.24604 1.99633 
4	-0.101306 0.334144 
3	0.838007 0.580862 
4	1.14323 1.59964 
1	0.427669 -0.85764 
4	0.958978 3.01456 
