1.2139	-1.7155	0.3280	1
-2.2019	-0.5086	0.3228	3
0.4500	-1.0771	0.3318	2
1.5072	0.2570	0.3279	1
1.2149	1.7801	0.3110	1
0.0667	-0.4966	0.3302	1
1.0381	-1.7213	0.3319	1
1.2911	1.2701	0.3186	1
1.3884	0.7071	0.3302	1
0.3338	1.2073	0.3084	1
1.5900	0.5691	0.3261	1
2.0145	-0.5905	0.3301	1
1.3846	-1.1021	0.3305	1
1.7124	-0.4770	0.3292	1
1.4442	-1.5827	0.3272	1
1.9609	-0.6082	0.3299	1
1.0681	-2.2633	0.3294	1
1.4141	-1.2113	0.3298	1
1.3181	0.1839	0.3316	1
-0.1495	0.6840	0.3330	1
0.6689	-1.6006	0.3321	1
0.6738	-2.2846	0.3291	1
0.5553	0.8384	0.3289	1
0.7840	1.2560	0.3158	1
0.7290	-0.0127	0.3316	1
0.8240	0.4311	0.3321	1
1.0334	0.5246	0.3319	1
1.3170	0.0554	0.3326	1
-0.0812	-1.7015	0.3297	1
1.1168	-2.3817	0.3298	1
0.9716	0.1196	0.3301	1
0.8949	0.9363	0.3270	1
0.7250	-1.9631	0.3302	1
2.0978	-0.3951	0.3280	1
0.9047	-0.2325	0.3301	1
-0.0166	1.0573	0.3197	1
1.4887	-0.2805	0.3291	1
1.4819	0.6428	0.3305	1
1.0215	-0.6506	0.3330	1
1.0050	0.3882	0.3296	1
1.2493	0.6419	0.3298	1
0.8300	-1.6371	0.3269	1
1.1409	-1.4449	0.3321	1
0.8162	1.1830	0.3172	1
1.7083	-0.9776	0.3308	1
1.5546	-0.9674	0.3311	1
1.7097	-0.0072	0.3293	1
1.0147	-1.7150	0.3321	1
1.6980	-0.8294	0.3308	1
1.1549	-1.1109	0.3328	1
1.1812	-1.7392	0.3278	1
0.6192	-1.3251	0.3290	1
1.2753	0.2963	0.3315	1
1.0388	-0.6254	0.3329	1
1.3774	-0.9515	0.3331	1
1.5989	-0.0030	0.3309	1
1.2369	-1.1476	0.3327	1
2.7897	-0.2654	0.3029	1
0.5253	-1.7615	0.3310	1
1.5888	1.0198	0.3126	1
1.2128	0.4952	0.3332	1
1.1470	1.4738	0.3067	1
0.8448	-1.6987	0.3301	1
1.5412	0.0548	0.3317	1
0.9396	-1.0678	0.3331	1
1.4222	-0.7477	0.3320	1
1.7975	-1.5331	0.3268	1
1.1659	-2.1988	0.3289	1
1.8712	0.7629	0.3217	1
0.3292	-2.4808	0.3141	1
0.6333	-1.4779	0.3331	1
1.7094	-1.2014	0.3305	1
1.1879	-0.5249	0.3309	1
1.0811	-0.0726	0.3311	1
1.9657	-0.7647	0.3288	1
0.5154	-1.4341	0.3284	1
1.2268	0.7617	0.3268	1
0.3815	1.1023	0.3310	1
1.0236	-0.9116	0.3324	1
0.7420	-1.8986	0.3300	1
1.1362	-0.4201	0.3325	1
1.6476	-1.2808	0.3302	1
1.3072	-0.1416	0.3319	1
1.0984	0.1776	0.3309	1
0.6626	0.8504	0.3238	1
2.0573	-0.2220	0.3303	1
0.8035	0.7114	0.3296	1
0.6521	-0.8683	0.3242	1
0.7697	-0.1801	0.3298	1
0.9914	0.9058	0.3226	1
1.6948	0.1156	0.3288	1
1.7188	-0.4988	0.3292	1
1.5951	-1.0533	0.3306	1
1.8476	-0.5150	0.3297	1
0.0366	-1.6543	0.3321	1
2.1732	-0.8538	0.3259	1
1.4958	-0.9706	0.3327	1
1.0674	-0.9375	0.3325	1
1.0163	-0.1319	0.3297	1
1.9073	-1.7646	0.3222	1
0.4989	1.3783	0.2813	1
1.5632	-0.7103	0.3304	1
1.0436	-0.1154	0.3310	1
0.4098	-1.6009	0.3254	1
1.5145	-0.7773	0.3321	1
1.7296	-0.3149	0.3292	1
1.8375	-0.4341	0.3296	1
0.5886	0.7265	0.3328	1
1.9075	-1.1786	0.3282	1
1.1152	0.3839	0.3300	1
0.9715	-0.9674	0.3318	1
1.7391	-0.2231	0.3293	1
0.2041	1.5288	0.3289	1
0.9214	0.0444	0.3297	1
0.3920	0.2205	0.3274	1
0.1090	0.9396	0.3309	1
0.9539	-1.2243	0.3332	1
0.5690	-2.1350	0.3277	1
1.0000	-1.3722	0.3304	1
0.8001	-0.0892	0.3302	1
1.9013	-0.3252	0.3298	1
1.7912	-1.6470	0.3270	1
1.1547	-0.5850	0.3329	1
1.1919	0.6597	0.3296	1
1.5086	-0.5653	0.3302	1
1.1855	-0.1787	0.3319	1
0.0474	0.4742	0.3253	2
0.6640	0.9972	0.3276	2
-0.5265	-1.0597	0.3270	2
0.6215	-1.1916	0.3333	2
-0.3263	-1.1569	0.3193	2
0.8145	-0.9746	0.3319	2
0.0691	0.8419	0.3303	2
-0.1356	-1.5731	0.3298	2
0.4535	-1.1528	0.3309	2
0.0142	-0.6381	0.3304	2
0.7557	-1.3294	0.3286	2
0.7509	0.5392	0.3318	2
0.0121	-0.2260	0.3325	2
0.1551	-0.2420	0.3320	2
0.1411	-0.2763	0.3327	2
0.1679	-1.0372	0.3281	2
0.7068	-0.7640	0.3311	2
0.6000	-0.6079	0.3253	2
1.0670	0.2239	0.3295	2
0.7925	-0.3277	0.3280	2
0.9540	-1.7026	0.3325	2
0.0952	-0.9225	0.3294	2
0.3626	-1.0341	0.3280	2
0.3335	0.6942	0.3317	2
0.1243	0.3384	0.3296	2
0.0507	-1.3157	0.3214	2
0.1558	0.6394	0.3289	2
0.4343	-0.4084	0.3314	2
0.7033	-0.8750	0.3300	1
0.0240	-1.4156	0.3232	2
0.9780	0.0977	0.3301	2
0.0255	0.2724	0.3330	2
0.0089	-1.0133	0.3303	2
-0.0152	-0.8953	0.3237	2
0.3695	-0.1546	0.3295	2
0.9571	-0.5016	0.3264	2
0.7716	-0.0367	0.3316	2
1.0940	-0.1884	0.3315	2
0.5505	0.7274	0.3310	2
0.1599	0.4461	0.3271	2
0.8167	-0.4369	0.3264	2
0.4594	-0.1325	0.3328	2
1.0614	0.1695	0.3293	2
0.2446	-1.1684	0.3266	2
1.0329	-0.1966	0.3314	2
0.3726	-1.1931	0.3271	2
0.1994	-0.8397	0.3320	2
-0.0707	-1.0379	0.3288	2
0.5344	-0.1157	0.3319	2
0.7636	-1.4952	0.3297	2
1.0949	-0.2720	0.3329	2
0.3161	0.6724	0.3328	2
0.6656	0.7789	0.3307	2
0.7955	-0.5171	0.3262	2
0.3025	-0.0710	0.3292	2
0.7973	-0.9178	0.3330	2
0.0751	-1.1725	0.3261	2
0.9354	0.0638	0.3298	2
0.1446	-1.3268	0.3247	2
-0.2793	-0.2627	0.3285	2
1.1225	-0.8533	0.3331	2
1.1708	-0.5819	0.3329	2
0.9648	-0.6513	0.3307	2
0.8014	-0.3669	0.3277	2
0.4485	-1.4032	0.3278	2
-0.3492	-1.9045	0.3107	2
-0.2871	1.1557	0.3258	2
0.2333	-0.7612	0.3274	2
0.5149	0.2590	0.3279	2
0.2669	0.3892	0.3265	2
1.0055	-0.9755	0.3324	2
0.5354	-0.0083	0.3330	2
0.5964	-0.4577	0.3268	2
0.6677	-0.8347	0.3279	2
0.7785	-1.5436	0.3287	2
0.6359	0.5352	0.3239	2
0.3153	-0.0453	0.3294	2
0.5638	0.0862	0.3317	2
0.8607	-0.3317	0.3298	2
0.8600	-0.3461	0.3289	2
0.2131	-1.2210	0.3251	2
0.0103	-1.5546	0.3313	2
0.2387	-0.3328	0.3317	2
0.1597	0.1729	0.3317	2
0.3422	-0.3703	0.3329	2
0.8329	-0.1542	0.3300	2
0.2853	-0.5698	0.3307	2
0.5134	-0.0661	0.3329	2
0.7684	0.4966	0.3328	2
0.9575	0.9227	0.3240	2
0.1011	-1.3744	0.3226	2
0.0497	0.0932	0.3327	2
1.7536	-1.0359	0.3309	2
0.4166	-0.1581	0.3314	2
0.0386	-1.7800	0.3299	2
0.6471	0.2558	0.3267	2
-0.1165	-1.0641	0.3325	2
1.2960	-1.2233	0.3326	2
0.2522	-0.3344	0.3317	2
0.2323	0.2559	0.3286	2
0.2996	0.0040	0.3301	2
0.8390	0.2522	0.3329	2
0.3262	-0.0950	0.3283	2
0.3933	-0.8831	0.3008	2
0.3587	-1.4969	0.3220	2
0.2459	0.7655	0.3295	2
0.1042	-0.4455	0.3318	2
0.7738	-1.5512	0.3289	2
0.0416	0.4723	0.3260	2
1.1113	-1.1373	0.3327	2
0.5789	-0.6114	0.3251	2
0.7297	-0.3445	0.3274	2
0.3108	-0.8932	0.3158	2
0.3524	-0.7419	0.3098	2
0.6141	-0.4577	0.3269	2
0.5825	0.0660	0.3325	2
-0.4017	-1.9894	0.3103	2
-0.1634	-1.1280	0.3300	2
-0.2660	1.1140	0.3253	2
0.1170	-1.1190	0.3320	2
0.5564	-0.4557	0.3267	2
0.3036	-1.4550	0.3192	2
0.5585	-0.2123	0.3326	2
0.5456	-0.3611	0.3321	2
-0.2533	0.0068	0.3260	2
-0.3834	2.2673	0.3299	3
-1.7794	1.1948	0.3295	3
-1.4874	0.2166	0.3313	3
-1.2382	1.7564	0.3255	3
-1.0827	0.6794	0.3316	3
-1.3075	0.6238	0.3324	3
0.0010	-0.9205	0.3275	3
-0.9823	1.2549	0.3324	3
-1.3655	0.1465	0.3311	3
-1.3936	1.4271	0.3300	3
-1.6653	1.3299	0.3323	3
-1.1606	0.2003	0.3329	3
-0.7889	2.0588	0.3269	3
-0.3678	-1.0106	0.3303	3
-0.8770	-1.0152	0.3283	3
-0.5252	-0.0048	0.3288	3
-1.6329	0.7420	0.3311	3
-0.0448	2.1118	0.3202	3
-0.0403	-0.8053	0.3248	3
-1.6411	0.7687	0.3305	3
-1.7824	0.3635	0.3309	3
-1.6465	0.6147	0.3309	3
-0.7219	-1.1333	0.3253	3
-0.0380	1.5499	0.3190	3
-0.4942	1.6953	0.3318	3
-0.5620	1.8802	0.3297	3
-1.2207	-0.1374	0.3318	3
-0.1572	2.0556	0.3273	3
-1.7236	1.0017	0.3296	3
-2.0652	1.1110	0.3286	3
-0.5276	-1.1979	0.3287	3
-1.3789	1.2926	0.3301	3
-1.0667	1.3843	0.3331	3
-0.9758	1.3097	0.3320	3
-1.8210	1.0374	0.3278	3
-1.3067	0.0782	0.3309	3
-1.0602	-0.2984	0.3285	3
-1.6045	-0.3718	0.3285	3
-1.1706	0.4693	0.3317	3
-0.7826	-1.0131	0.3296	3
-1.0401	0.5863	0.3329	3
-1.5581	1.3235	0.3332	3
-1.2323	-0.8830	0.3257	3
-0.9657	-0.1323	0.3319	3
-1.0132	1.5905	0.3284	3
-0.1091	-1.9724	0.3321	3
-1.5454	-0.2995	0.3284	3
-1.6378	1.3855	0.3321	3
-1.0394	0.9911	0.3324	3
-1.5856	1.4514	0.3325	3
-1.3572	-0.7388	0.3277	3
-0.4278	-0.2386	0.3291	3
-0.3349	0.0705	0.3258	3
-0.6194	-0.8363	0.3288	3
-0.9699	-1.5089	0.3322	3
-1.5868	-0.6955	0.3278	3
-1.4750	0.0361	0.3304	3
-0.2627	2.1438	0.3302	3
-2.4039	0.1742	0.3276	3
-1.4778	1.3667	0.3324	3
-0.7056	1.5947	0.3321	3
-0.7093	-0.0276	0.3307	3
-1.6489	1.7075	0.3321	3
-1.3830	-0.1449	0.3300	3
-1.6140	1.1562	0.3305	3
-1.0400	1.1141	0.3332	3
-1.8008	-0.5118	0.3289	3
-0.5781	-0.3109	0.3306	3
-1.1766	0.7440	0.3324	3
-0.3514	0.6269	0.3284	3
-1.2570	0.6102	0.3327	3
-2.4647	0.1559	0.3277	3
-0.5597	-0.7819	0.3287	3
-1.5841	0.2418	0.3314	3
-0.7952	-1.1111	0.3277	3
-1.1365	0.0074	0.3333	3
-2.0341	0.7220	0.3270	3
-1.4838	1.5706	0.3331	3
-1.8123	0.0756	0.3309	3
-1.0163	-1.0025	0.3230	3
-1.1036	0.9949	0.3326	3
-0.7715	1.2317	0.3320	4
-1.3916	1.3508	0.3303	4
-0.8455	0.4355	0.3314	4
-1.3441	1.4491	0.3289	3
0.1157	-1.1993	0.3233	3
-1.1050	-0.0657	0.3319	3
-1.0761	0.5997	0.3324	3
-2.0454	0.2342	0.3330	3
-0.4024	-1.6205	0.3186	3
0.2489	1.6330	0.3319	3
-1.3123	1.8037	0.3261	3
-0.7938	1.0253	0.3319	3
-1.1620	-0.6916	0.3315	3
-1.2488	1.4926	0.3281	3
-0.3445	2.5639	0.3173	3
-2.0816	1.3819	0.3242	3
-1.6867	-0.9597	0.3269	3
-0.3417	1.9965	0.3323	3
-1.0382	1.0313	0.3330	3
0.1214	-0.2670	0.3332	3
-1.5934	-0.0833	0.3291	3
-1.5977	-0.0827	0.3292	3
-1.5801	-0.4909	0.3281	3
-1.2376	0.0446	0.3324	3
-1.1617	2.3561	0.3252	3
-1.3659	2.4963	0.3229	3
-1.0111	-0.4373	0.3282	3
-0.9769	-0.0882	0.3329	3
-1.1010	-0.6695	0.3309	3
-1.4133	0.1685	0.3312	3
-0.7531	-0.4128	0.3316	3
-0.3946	0.3833	0.3292	3
-1.4161	-0.2249	0.3301	3
-1.4579	0.8869	0.3316	3
-0.5735	-0.1584	0.3295	3
-1.4815	1.9207	0.3270	3
-0.7095	-0.5344	0.3328	3
-0.6554	1.8380	0.3286	3
-1.5113	1.3886	0.3323	3
-1.3551	0.9661	0.3332	3
-0.9786	0.8503	0.3329	3
-1.3774	1.2723	0.3301	3
-1.1532	-0.6338	0.3329	3
-1.7717	-0.5447	0.3288	3
-1.1433	0.6204	0.3321	3
-0.4961	-0.8114	0.3282	4
-0.5935	0.3450	0.3311	4
-1.1777	1.0779	0.3326	4
-0.5507	-0.1717	0.3294	4
-1.2559	0.2103	0.3333	4
-0.9077	0.7780	0.3316	4
-0.3897	-0.2475	0.3290	4
-0.3660	0.6127	0.3284	4
-0.7170	0.4362	0.3308	4
0.1697	-0.0395	0.3311	4
-0.4156	1.0505	0.3269	4
-0.4491	1.3194	0.3245	4
-0.9142	-0.0461	0.3330	4
-1.3465	0.5384	0.3321	4
-0.7311	1.4336	0.3317	4
-0.2841	0.8338	0.3272	4
-0.0149	-0.2355	0.3325	4
-0.7819	0.6688	0.3261	4
-1.2273	-0.5076	0.3326	4
-1.1213	0.0659	0.3327	4
0.1334	0.2596	0.3315	4
-0.7409	-0.7317	0.3300	4
-0.7328	0.1092	0.3314	4
-0.5164	1.4613	0.3280	4
-0.1205	-0.2168	0.3304	4
0.7877	-0.3868	0.3276	4
-0.2506	1.0238	0.3251	4
-0.7889	0.6374	0.3263	4
-1.0123	1.2223	0.3332	4
-1.4370	0.9090	0.3316	4
0.0103	-0.4419	0.3297	4
-0.0653	-0.8071	0.3224	4
-1.3151	1.0287	0.3329	4
-0.8070	0.5268	0.3250	4
0.3580	0.7888	0.3323	4
-0.1719	-0.5355	0.3279	4
-0.2729	1.1858	0.3259	4
-0.6337	0.4917	0.3270	4
-0.4498	-0.1063	0.3290	4
-0.2750	1.0587	0.3253	4
-0.3642	-0.4631	0.3291	4
0.1963	-0.3191	0.3317	4
-0.4081	1.2878	0.3237	4
-1.4277	1.5280	0.3321	4
-0.6513	0.5621	0.3289	4
0.4320	-0.4596	0.3312	4
-0.8539	-0.4796	0.3288	4
-0.4299	1.2194	0.3233	4
-1.9317	0.9183	0.3281	4
-0.7940	-0.6024	0.3308	4
-0.4571	0.9243	0.3277	4
-0.4340	1.3591	0.3244	4
-0.8168	-0.7250	0.3276	4
-0.8041	0.2275	0.3331	4
-0.4321	1.3877	0.3245	4
-0.0197	1.2845	0.3144	4
-0.3318	0.7350	0.3287	4
-0.0306	1.0829	0.3146	4
-1.2469	0.4651	0.3324	4
-0.9971	-0.1707	0.3303	4
-0.1185	0.2448	0.3278	4
-0.6488	-0.4700	0.3324	4
-0.0664	0.9445	0.3262	4
-0.8597	0.2196	0.3317	4
-0.7434	0.1172	0.3317	4
-0.1040	-0.3829	0.3296	4
-0.4466	2.4187	0.3266	4
-0.7365	0.6220	0.3223	4
-0.1269	0.3732	0.3303	4
-0.7642	1.0646	0.3314	4
-0.3788	0.0005	0.3267	4
0.6266	0.2668	0.3251	4
-0.6355	-0.2324	0.3280	4
-1.4931	0.4952	0.3331	4
-1.2412	0.7954	0.3310	4
-0.4718	0.6455	0.3292	4
-0.1013	1.3265	0.3199	4
-0.4225	1.1234	0.3270	4
0.2982	0.2440	0.3290	4
-0.3005	-0.4979	0.3288	4
0.0835	1.8112	0.3186	4
-0.4242	1.4503	0.3267	4
-0.7868	0.0050	0.3317	4
-0.0507	0.8423	0.3315	4
-0.4289	0.5692	0.3288	4
0.5340	-0.3183	0.3330	4
-0.2501	0.7814	0.3270	4
-1.4151	-0.0945	0.3291	4
-0.0897	1.1912	0.3218	4
-1.1620	-0.5798	0.3332	4
0.2064	0.3192	0.3279	4
-0.5792	-0.0949	0.3305	4
-0.5505	-0.1095	0.3302	4
-0.4479	0.6294	0.3290	4
-0.6663	-0.3935	0.3309	4
-1.2029	1.6953	0.3251	4
-0.8076	1.0586	0.3328	4
0.0781	0.5474	0.3281	4
-0.8252	0.5920	0.3276	4
-0.6335	0.2906	0.3315	4
-0.3978	1.3236	0.3239	4
-0.2828	0.5093	0.3281	4
-1.3336	0.1321	0.3315	4
-0.3356	-0.6527	0.3276	4
-1.4169	0.2279	0.3312	4
-0.1377	-0.4813	0.3296	4
-0.3466	0.1215	0.3283	4
-0.7057	1.3365	0.3320	4
-1.0626	1.1402	0.3333	4
-0.3935	0.7801	0.3292	4
-0.3929	-0.3656	0.3290	4
-0.4508	-0.1842	0.3291	4
-0.6988	0.4638	0.3295	4
-1.0742	1.1094	0.3333	4
-0.2023	0.6512	0.3294	4
-0.6216	0.9266	0.3288	4
-0.8001	0.0592	0.3331	4
-0.0817	2.0320	0.3240	4
-0.0027	0.8542	0.3324	4
-0.3885	1.2964	0.3236	4
-0.8890	-0.6165	0.3252	4
-0.3824	0.1106	0.3259	4
-0.7636	1.7615	0.3332	3
