0	0.325779 0.2433 0.314455 0.116465 
1	0.312148 0.33042 0.211007 0.146426 
2	0.321369 0.0345471 0.327143 0.316941 
3	0.322679 0.199313 0.299653 0.178355 
4	0.317476 0.331069 0.304059 0.0473965 
5	0.159538 0.206338 0.329114 0.305011 
6	0.322487 0.121918 0.295112 0.260483 
7	0.329229 0.283534 0.291404 0.0958331 
8	0.326966 0.211658 0.312468 0.148908 
9	0.330651 0.112813 0.223571 0.332965 
10	0.329344 0.0426515 0.294908 0.333097 
11	0.205555 0.210193 0.328482 0.25577 
12	0.327801 0.262915 0.285952 0.123332 
13	0.328767 0.288037 0.302532 0.0806638 
14	0.329894 0.172818 0.171722 0.325566 
15	0.320206 0.312302 0.270685 0.0968061 
16	0.322766 0.199409 0.201315 0.276511 
17	0.328509 0.0838781 0.258367 0.329246 
18	0.18213 0.22736 0.328456 0.262054 
19	0.319447 0.0694833 0.286071 0.324999 
20	0.330802 0.190113 0.308764 0.170321 
21	0.331249 0.0121247 0.323798 0.332828 
22	0.328809 0.167508 0.180419 0.323264 
23	0.324282 0.19555 0.190003 0.290165 
24	0.327197 0.166031 0.185279 0.321493 
25	0.326503 0.26139 0.3155 0.0966066 
26	0.326348 0.117569 0.332092 0.223991 
27	0.320858 0.311266 0.325653 0.042223 
28	0.305824 0.0933919 0.317648 0.283136 
29	0.328374 0.185753 0.156101 0.329772 
30	0.313215 0.145134 0.307367 0.234283 
31	0.318146 0.0341581 0.322976 0.324719 
32	0.329316 0.297852 0.286984 0.0858484 
33	0.327823 0.126571 0.289303 0.256303 
34	0.328531 0.220171 0.285978 0.165319 
35	0.329073 0.306114 0.309381 0.055432 
36	0.327583 0.303746 0.297521 0.0711507 
37	0.331943 0.104707 0.231901 0.33145 
38	0.256198 0.17568 0.285919 0.282203 
39	0.325402 0.201241 0.293111 0.180246 
40	0.0932925 0.313057 0.305234 0.288417 
41	0.323421 0.0379382 0.309963 0.328678 
42	0.326521 0.251459 0.331193 0.0908268 
43	0.324341 0.200828 0.303805 0.171026 
44	0.327278 0.0535369 0.288007 0.331178 
45	0.328051 0.108774 0.307389 0.255785 
46	0.321908 0.204364 0.204917 0.268811 
47	0.0794707 0.32249 0.325783 0.272256 
48	0.303861 0.224448 0.207791 0.2639 
49	0.310643 0.0277952 0.330731 0.330831 
50	0.306819 0.161813 0.214964 0.316404 
51	0.323228 0.201867 0.306156 0.16875 
52	0.327706 0.269442 0.289612 0.11324 
53	0.33076 0.314735 0.30636 0.0481442 
54	0.328987 0.299819 0.29838 0.072813 
55	0.296857 0.100964 0.297103 0.305076 
56	0.309322 0.153074 0.305604 0.232 
57	0.318758 0.248113 0.165533 0.267596 
58	0.32462 0.185384 0.298795 0.1912 
59	0.331808 0.266408 0.310383 0.0914007 
60	0.273934 0.318618 0.325823 0.0816246 
61	0.323748 0.0875301 0.310165 0.278557 
62	0.327157 0.21921 0.313352 0.140281 
63	0.325 0.213292 0.274686 0.187021 
64	0.330351 0.0893595 0.25351 0.326779 
65	0.319237 0.0766637 0.28183 0.32227 
66	0.318411 0.243213 0.220482 0.217894 
67	0.280323 0.318341 0.211182 0.190155 
68	0.326883 0.183141 0.183069 0.306906 
69	0.332146 0.0408666 0.306341 0.320647 
70	0.302412 0.144628 0.225607 0.327353 
71	0.32459 0.0200498 0.329047 0.326313 
72	0.321668 0.121081 0.257815 0.299436 
73	0.332768 0.333186 0.239939 0.0941065 
74	0.331387 0.126177 0.213408 0.329027 
75	0.320575 0.216009 0.18012 0.283296 
76	0.309062 0.0335462 0.329406 0.327986 
77	0.330301 0.321944 0.305539 0.0422164 
78	0.329014 0.291514 0.296441 0.0830303 
79	0.330449 0.329421 0.301016 0.0391148 
80	0.314844 0.204315 0.198831 0.282009 
81	0.329115 0.273986 0.296891 0.100009 
82	0.324968 0.0735403 0.317156 0.284335 
83	0.324682 0.0652454 0.283437 0.326635 
84	0.324598 0.211534 0.285793 0.178075 
85	0.325833 0.21241 0.311044 0.150713 
86	0.324426 0.0499414 0.313334 0.312299 
87	0.328037 0.257386 0.28596 0.128617 
88	0.327615 0.300706 0.329452 0.0422271 
89	0.324205 0.19617 0.17445 0.305176 
90	0.324472 0.196775 0.294104 0.184649 
91	0.333298 0.06608 0.269695 0.330927 
92	0.322279 0.181708 0.3021 0.193913 
93	0.301711 0.220699 0.164014 0.313576 
94	0.331387 0.144636 0.190714 0.333263 
95	0.327473 0.194987 0.285751 0.191789 
96	0.315387 0.221545 0.16788 0.295187 
97	0.304624 0.0320304 0.33284 0.330506 
98	0.322705 0.3229 0.269518 0.0848767 
99	0.331692 0.0738094 0.264571 0.329927 
100	0.29718 0.150745 0.226898 0.325177 
101	0.323846 0.135357 0.231891 0.308905 
102	0.333327 0.318282 0.32765 0.0207412 
103	0.330507 0.228576 0.330036 0.11088 
104	0.331686 0.256077 0.330127 0.0821105 
105	0.321183 0.254788 0.233255 0.190774 
106	0.313613 0.0619213 0.305705 0.318761 
107	0.32716 0.30743 0.28362 0.0817905 
108	0.308453 0.212538 0.266048 0.212961 
109	0.33133 0.311121 0.3236 0.0339483 
110	0.323665 0.188573 0.293622 0.194141 
111	0.324047 0.222405 0.298115 0.155433 
112	0.332019 0.0600716 0.277622 0.330287 
113	0.329113 0.0504859 0.300612 0.31979 
114	0.329646 0.259186 0.320324 0.0908442 
115	0.326756 0.302301 0.329919 0.041024 
116	0.325705 0.202335 0.293605 0.178355 
117	0.277958 0.168989 0.302477 0.250576 
118	0.319706 0.162367 0.188106 0.329821 
119	0.332544 0.333244 0.289637 0.0445755 
120	0.302482 0.117367 0.252031 0.328121 
121	0.327217 0.286416 0.283104 0.103263 
122	0.329816 0.154159 0.189244 0.32678 
123	0.328292 0.257687 0.312967 0.101054 
124	0.295758 0.315566 0.215814 0.172862 
125	0.328678 0.332989 0.221444 0.116889 
126	0.332301 0.332307 0.279577 0.055816 
127	0.322366 0.329008 0.227803 0.120823 
128	0.324162 0.0118005 0.332268 0.331769 
129	0.223023 0.190333 0.329815 0.256829 
130	0.330794 0.333206 0.214162 0.121839 
131	0.299161 0.330544 0.217834 0.152461 
132	0.3085 0.331199 0.221424 0.138877 
133	0.28579 0.329564 0.236293 0.148353 
134	0.313491 0.330339 0.247741 0.108428 
135	0.324545 0.32967 0.218099 0.127686 
136	0.320123 0.32895 0.322459 0.0284686 
137	0.293339 0.32688 0.224327 0.155454 
138	0.313479 0.331258 0.210815 0.144448 
139	0.328261 0.256638 0.313217 0.101884 
140	0.330122 0.330616 0.252454 0.0868082 
141	0.326467 0.330563 0.212063 0.130906 
142	0.30951 0.3295 0.232768 0.128222 
143	0.153983 0.331615 0.327031 0.187371 
144	0.312507 0.329837 0.263261 0.0943953 
145	0.314051 0.33156 0.291486 0.0629031 
146	0.186236 0.303732 0.32896 0.181073 
147	0.332194 0.332686 0.273967 0.0611538 
148	0.322291 0.328998 0.331575 0.0171366 
149	0.323302 0.330969 0.214035 0.131694 
150	0.122309 0.332254 0.329848 0.215589 
151	0.310859 0.329949 0.248414 0.110779 
152	0.275343 0.332401 0.323122 0.069134 
153	0.318741 0.329823 0.33167 0.0197659 
154	0.323677 0.329704 0.217791 0.128828 
155	0.321877 0.331044 0.212397 0.134683 
156	0.0835353 0.321588 0.32975 0.265127 
157	0.280456 0.327183 0.329632 0.0627291 
158	0.314375 0.330177 0.237721 0.117727 
159	0.289846 0.327508 0.322139 0.060507 
160	0.323753 0.331668 0.283232 0.0613474 
161	0.235084 0.326309 0.332194 0.106414 
162	0.324785 0.32894 0.262396 0.0838784 
163	0.29537 0.330831 0.248339 0.12546 
164	0.302792 0.329943 0.300676 0.0665892 
165	0.289636 0.327127 0.244753 0.138484 
166	0.306988 0.321512 0.316223 0.0552766 
167	0.332352 0.333194 0.262567 0.0718879 
168	0.323657 0.331683 0.332949 0.0117108 
169	0.299926 0.331022 0.236866 0.132186 
170	0.307765 0.32982 0.268915 0.0934991 
171	0.190167 0.3291 0.317091 0.163642 
172	0.225394 0.325813 0.31736 0.131434 
173	0.331627 0.32976 0.233934 0.10468 
174	0.174567 0.328107 0.326582 0.170744 
175	0.114062 0.324561 0.324323 0.237054 
176	0.321305 0.33038 0.234775 0.11354 
177	0.138249 0.328755 0.320415 0.212582 
178	0.108511 0.300829 0.266121 0.324539 
179	0.320165 0.265212 0.269227 0.145397 
180	0.105634 0.330493 0.332377 0.231497 
181	0.3103 0.329446 0.233323 0.126931 
182	0.321874 0.327796 0.251169 0.0991612 
183	0.212477 0.31947 0.320467 0.147586 
184	0.329802 0.323177 0.306669 0.0403514 
185	0.269798 0.117063 0.283395 0.329745 
186	0.328304 0.331929 0.221657 0.11811 
187	0.301414 0.329806 0.229221 0.139559 
188	0.157436 0.293504 0.329966 0.219094 
189	0.198633 0.282954 0.265847 0.252566 
190	0.305988 0.0682332 0.323127 0.302652 
191	0.327666 0.33142 0.268711 0.0722034 
192	0.240621 0.329108 0.31144 0.118831 
193	0.304098 0.329503 0.251206 0.115193 
194	0.32304 0.328794 0.3226 0.0255654 
195	0.306091 0.329994 0.298046 0.0658682 
196	0.321506 0.330281 0.20989 0.138323 
197	0.254456 0.331775 0.326972 0.0867966 
198	0.333324 0.332899 0.23858 0.0951977 
199	0.323565 0.3293 0.299744 0.0473907 
200	0.272959 0.325715 0.297233 0.104092 
201	0.309228 0.330324 0.214023 0.146426 
202	0.320227 0.331384 0.294786 0.0536023 
203	0.137929 0.332019 0.308182 0.22187 
204	0.328075 0.333165 0.222822 0.115938 
205	0.32209 0.331041 0.208782 0.138087 
206	0.171093 0.332602 0.32071 0.175594 
207	0.299403 0.329751 0.277899 0.0929465 
208	0.231915 0.326799 0.303584 0.137702 
209	0.297387 0.330826 0.235614 0.136173 
210	0.287409 0.329463 0.286754 0.0963741 
211	0.2975 0.329304 0.32229 0.0509061 
212	0.218597 0.33307 0.317863 0.13047 
213	0.329494 0.332241 0.298083 0.040182 
214	0.322105 0.329037 0.226489 0.122369 
215	0.275723 0.314648 0.329067 0.0805626 
216	0.315191 0.330444 0.209748 0.144617 
217	0.312678 0.330103 0.254906 0.102313 
218	0.255573 0.315691 0.315308 0.113428 
219	0.310634 0.329707 0.223243 0.136416 
220	0.171112 0.331491 0.332106 0.165291 
221	0.325801 0.326473 0.311097 0.0366289 
222	0.282481 0.329514 0.317805 0.0701999 
223	0.295238 0.330221 0.291942 0.0825993 
224	0.250281 0.333103 0.327664 0.0889524 
225	0.283781 0.325327 0.226928 0.163964 
226	0.161588 0.331479 0.321504 0.185429 
227	0.257056 0.322858 0.265915 0.154172 
228	0.291448 0.328448 0.246536 0.133568 
229	0.315046 0.331124 0.217473 0.136358 
230	0.320536 0.331033 0.214826 0.133606 
231	0.312675 0.329772 0.265329 0.0922245 
232	0.333217 0.332024 0.230567 0.104193 
233	0.33241 0.329818 0.23815 0.099622 
234	0.330067 0.330858 0.26304 0.0760347 
235	0.168959 0.325627 0.319916 0.185498 
236	0.229889 0.313548 0.330174 0.126389 
237	0.234808 0.327423 0.314609 0.12316 
238	0.247747 0.319209 0.309774 0.123269 
239	0.301142 0.33127 0.315895 0.0516924 
240	0.331319 0.332945 0.219026 0.11671 
241	0.165353 0.330066 0.331369 0.173212 
242	0.214369 0.321887 0.327468 0.136276 
243	0.187207 0.317061 0.329291 0.166442 
244	0.157473 0.315511 0.329191 0.197825 
245	0.31594 0.325353 0.318795 0.039911 
246	0.255494 0.331799 0.330804 0.081903 
247	0.302908 0.330159 0.280334 0.0865982 
248	0.285311 0.0617945 0.328526 0.324369 
249	0.170745 0.313039 0.199352 0.316864 
250	0.314524 0.0414102 0.330377 0.313689 
251	0.118532 0.332006 0.333037 0.216425 
252	0.179795 0.16618 0.325798 0.328226 
253	0.310978 0.328968 0.328158 0.0318959 
254	0.161557 0.318353 0.316224 0.203866 
255	0.326979 0.0170027 0.326376 0.329642 
256	0.324844 0.150028 0.323405 0.201723 
257	0.253093 0.314922 0.320857 0.111128 
258	0.302625 0.0408947 0.33224 0.324241 
259	0.301421 0.063325 0.32037 0.314885 
260	0.298615 0.0418509 0.330948 0.328586 
261	0.300759 0.320552 0.297689 0.0809993 
262	0.326844 0.214671 0.309855 0.14863 
263	0.30688 0.330364 0.325954 0.0368013 
264	0.329451 0.332406 0.220423 0.11772 
265	0.298341 0.331931 0.329388 0.0403398 
266	0.27727 0.0631926 0.329394 0.330143 
267	0.330787 0.00418746 0.33244 0.332585 
268	0.164381 0.297964 0.329876 0.207779 
269	0.312806 0.0598699 0.307006 0.320318 
270	0.145183 0.200931 0.324772 0.329114 
271	0.251915 0.10345 0.328631 0.316004 
272	0.248028 0.0899042 0.331245 0.330823 
273	0.226061 0.202947 0.311166 0.259826 
274	0.15954 0.227659 0.322476 0.290325 
275	0.332831 0.322001 0.329445 0.0157226 
276	0.244038 0.101185 0.325627 0.32915 
277	0.316012 0.325638 0.312424 0.0459261 
278	0.247659 0.1393 0.32805 0.28499 
279	0.269841 0.188609 0.256545 0.285005 
280	0.1372 0.319585 0.291704 0.251511 
281	0.114898 0.282348 0.320721 0.282033 
282	0.32299 0.0933219 0.252726 0.330962 
283	0.274326 0.06373 0.329126 0.332818 
284	0.315672 0.328044 0.320634 0.0356504 
285	0.192025 0.174937 0.329468 0.30357 
286	0.230802 0.157872 0.307375 0.303952 
287	0.326824 0.246016 0.310749 0.116411 
288	0.233722 0.109259 0.331188 0.325831 
289	0.313859 0.0281212 0.330859 0.32716 
290	0.302225 0.0544936 0.325617 0.317664 
291	0.330863 0.0204975 0.326012 0.322628 
292	0.30269 0.0582906 0.312078 0.326941 
293	0.327139 0.0127204 0.33092 0.32922 
294	0.164337 0.327671 0.313325 0.194667 
295	0.291276 0.0683522 0.321208 0.319163 
296	0.252932 0.086036 0.330982 0.33005 
297	0.276061 0.0666173 0.327247 0.330075 
298	0.213876 0.170263 0.323981 0.29188 
299	0.319207 0.0194174 0.332595 0.328781 
300	0.290935 0.0618264 0.329679 0.31756 
301	0.237808 0.331077 0.316034 0.11508 
302	0.25614 0.12931 0.314221 0.300329 
303	0.298479 0.325862 0.31986 0.0557993 
304	0.206068 0.328542 0.330388 0.135002 
305	0.240044 0.304217 0.323743 0.131996 
306	0.287144 0.268601 0.263984 0.180271 
307	0.286568 0.0815854 0.326694 0.305152 
308	0.155201 0.233268 0.324114 0.287417 
309	0.148957 0.327293 0.333213 0.190537 
310	0.146352 0.317722 0.323718 0.212207 
311	0.256899 0.105642 0.329993 0.307466 
312	0.285416 0.0693838 0.32838 0.316821 
313	0.158267 0.32993 0.330494 0.181308 
314	0.268983 0.324604 0.332255 0.0741584 
315	0.179244 0.308407 0.324461 0.187887 
316	0.304883 0.0373514 0.330453 0.327312 
317	0.132985 0.286191 0.321616 0.259207 
318	0.186579 0.15745 0.327835 0.328136 
319	0.124359 0.318963 0.323176 0.233502 
320	0.225457 0.166974 0.326265 0.281304 
321	0.331647 0.0118387 0.326968 0.329546 
322	0.326191 0.021456 0.323546 0.328807 
323	0.292591 0.0536257 0.323463 0.33032 
324	0.309682 0.0737723 0.301618 0.314928 
325	0.297106 0.314397 0.306444 0.0820531 
326	0.306444 0.0531442 0.329204 0.311208 
327	0.280043 0.0778588 0.31329 0.328808 
328	0.231627 0.106389 0.332733 0.329251 
329	0.329258 0.326262 0.288913 0.0555664 
330	0.232142 0.311886 0.327079 0.128893 
331	0.0921617 0.32497 0.321445 0.261423 
332	0.310109 0.03175 0.330277 0.327864 
333	0.233645 0.140447 0.323862 0.302046 
334	0.320537 0.0255995 0.330438 0.323426 
335	0.28168 0.0677073 0.327596 0.323017 
336	0.0919153 0.321793 0.325376 0.260915 
337	0.256261 0.135637 0.318452 0.289649 
338	0.130957 0.250951 0.318481 0.299611 
339	0.323173 0.0142846 0.329784 0.332759 
340	0.30901 0.317853 0.323862 0.0492746 
341	0.202148 0.20469 0.329125 0.264037 
342	0.25039 0.134925 0.315445 0.29924 
343	0.277104 0.084536 0.322063 0.316297 
344	0.182822 0.300174 0.322426 0.194578 
345	0.140138 0.276005 0.323535 0.260322 
346	0.328053 0.0213447 0.324052 0.32655 
347	0.258388 0.0901968 0.329104 0.32231 
348	0.27191 0.115535 0.315823 0.296732 
349	0.32008 0.0171171 0.331772 0.331031 
350	0.218517 0.124584 0.332869 0.32403 
351	0.233795 0.113822 0.328051 0.324331 
352	0.282113 0.100288 0.313421 0.304179 
353	0.327917 0.027833 0.321752 0.322498 
354	0.273783 0.0624495 0.330928 0.33284 
355	0.185818 0.193181 0.323424 0.297577 
356	0.13788 0.311169 0.320886 0.230065 
357	0.315941 0.0375879 0.323136 0.323335 
358	0.260304 0.124148 0.325072 0.290476 
359	0.323895 0.0172326 0.332309 0.326564 
360	0.256325 0.0987549 0.33037 0.31455 
361	0.154053 0.242773 0.321889 0.281286 
362	0.308159 0.329761 0.225861 0.13622 
363	0.306896 0.329964 0.20905 0.15409 
364	0.295247 0.0436504 0.331961 0.329141 
365	0.251288 0.0954142 0.322832 0.330466 
366	0.315446 0.0232396 0.330321 0.330992 
367	0.226632 0.328069 0.333224 0.112074 
368	0.314649 0.0501492 0.31015 0.325052 
369	0.27661 0.15804 0.243003 0.322346 
370	0.222788 0.330388 0.332184 0.11464 
371	0.231642 0.107831 0.329604 0.330923 
372	0.147149 0.245048 0.323943 0.28386 
373	0.129884 0.328459 0.327318 0.214338 
374	0.311538 0.330353 0.235001 0.123109 
375	0.244228 0.108114 0.317323 0.330335 
376	0.280188 0.0643294 0.323205 0.332278 
377	0.333008 0.331705 0.264119 0.071168 
378	0.289617 0.0489322 0.331795 0.329656 
379	0.234327 0.125194 0.310188 0.330292 
380	0.289679 0.0497079 0.333158 0.327455 
381	0.28412 0.0694276 0.322695 0.323758 
382	0.135461 0.328123 0.324332 0.212084 
383	0.237489 0.155826 0.276248 0.330437 
384	0.33104 0.0955064 0.250838 0.322616 
385	0.281939 0.0613226 0.32995 0.326788 
386	0.268601 0.125772 0.275752 0.329875 
387	0.229224 0.113819 0.327463 0.329494 
388	0.277938 0.0652076 0.332664 0.324191 
389	0.28311 0.138235 0.25519 0.323464 
390	0.320163 0.0640029 0.283823 0.332011 
391	0.297534 0.123102 0.25465 0.324714 
392	0.225553 0.11321 0.331194 0.330043 
393	0.232433 0.151223 0.28575 0.330593 
394	0.236137 0.135217 0.298404 0.330243 
395	0.320967 0.023151 0.330732 0.32515 
396	0.243483 0.101537 0.323819 0.331162 
397	0.315054 0.101773 0.253036 0.330138 
398	0.243391 0.102844 0.324078 0.329687 
399	0.295192 0.113052 0.26331 0.328446 
400	0.33224 0.130855 0.203935 0.33297 
401	0.241386 0.0968066 0.329509 0.332298 
402	0.322822 0.181463 0.178494 0.31722 
403	0.301413 0.0521888 0.32545 0.320948 
404	0.318622 0.044734 0.30477 0.331874 
405	0.251265 0.0886395 0.329479 0.330616 
406	0.314237 0.028882 0.331804 0.325077 
407	0.325896 0.138736 0.204164 0.331204 
408	0.324623 0.0130284 0.332505 0.329844 
409	0.328801 0.172179 0.177661 0.321359 
410	0.316207 0.0254729 0.326741 0.33158 
411	0.326817 0.201112 0.28383 0.188241 
412	0.332145 0.160037 0.179699 0.328119 
413	0.235709 0.136006 0.298017 0.330268 
414	0.313715 0.320189 0.308849 0.0572469 
415	0.261373 0.0752514 0.331706 0.33167 
416	0.221227 0.167453 0.283424 0.327895 
417	0.292012 0.165272 0.218434 0.324282 
418	0.313629 0.0597071 0.308369 0.318295 
419	0.318675 0.180911 0.207585 0.292829 
420	0.247218 0.137064 0.317468 0.298251 
421	0.33239 0.0516967 0.284879 0.331034 
422	0.286966 0.064025 0.327536 0.321472 
423	0.24625 0.114491 0.308404 0.330855 
424	0.249661 0.0942525 0.323951 0.332135 
425	0.314796 0.0480922 0.306613 0.3305 
426	0.295527 0.14481 0.236832 0.322831 
427	0.230649 0.110105 0.329034 0.330211 
428	0.33312 0.16123 0.296327 0.209323 
429	0.263504 0.120077 0.287395 0.329024 
430	0.331211 0.117957 0.220408 0.330424 
431	0.328615 0.130436 0.212413 0.328536 
432	0.319664 0.0331341 0.328966 0.318236 
433	0.282615 0.0606428 0.332639 0.324103 
434	0.245838 0.106607 0.315714 0.331842 
435	0.295282 0.0430327 0.332486 0.3292 
436	0.266888 0.102819 0.300645 0.329648 
437	0.295517 0.0491506 0.323203 0.33213 
438	0.254732 0.0900885 0.329006 0.326173 
439	0.315069 0.0276305 0.328616 0.328684 
440	0.229948 0.145796 0.293707 0.33055 
441	0.26265 0.118445 0.288893 0.330012 
442	0.241624 0.118053 0.308919 0.331404 
443	0.239554 0.101843 0.328751 0.329852 
444	0.216374 0.152286 0.301743 0.329597 
445	0.216886 0.147794 0.306185 0.329135 
446	0.142856 0.216871 0.319642 0.320631 
447	0.216614 0.137479 0.316032 0.329875 
448	0.305791 0.094008 0.270496 0.329705 
449	0.278664 0.0685146 0.321204 0.331617 
450	0.313678 0.0746455 0.301767 0.30991 
451	0.227299 0.141669 0.301265 0.329766 
452	0.251579 0.0937782 0.325023 0.329619 
453	0.231855 0.160102 0.303395 0.304648 
454	0.300151 0.0548493 0.314517 0.330483 
455	0.324487 0.185787 0.186325 0.303401 
456	0.311425 0.028744 0.330335 0.329495 
457	0.281054 0.0598875 0.331165 0.327893 
458	0.326166 0.0873681 0.25775 0.328716 
459	0.324304 0.082319 0.263035 0.330342 
460	0.305131 0.0409252 0.328939 0.325005 
461	0.263495 0.0730962 0.332378 0.331031 
462	0.265459 0.122467 0.282108 0.329967 
463	0.332311 0.15458 0.182516 0.330593 
464	0.279143 0.0700358 0.319517 0.331304 
465	0.326272 0.0754737 0.270948 0.327306 
466	0.243932 0.112077 0.314449 0.329542 
467	0.14828 0.234796 0.322384 0.29454 
468	0.31343 0.12357 0.233691 0.32931 
469	0.247987 0.091582 0.329093 0.331338 
470	0.32661 0.0733106 0.270265 0.329815 
471	0.271282 0.0799417 0.330187 0.318589 
472	0.231612 0.104945 0.333254 0.330188 
473	0.310928 0.164261 0.19791 0.326902 
474	0.303645 0.0355758 0.333151 0.327627 
475	0.322892 0.0353106 0.314566 0.327232 
476	0.290203 0.0462293 0.331524 0.332044 
477	0.324895 0.0121607 0.331695 0.331249 
478	0.321875 0.0592044 0.286228 0.332693 
479	0.309978 0.22972 0.248178 0.212124 
480	0.233346 0.147178 0.2889 0.330577 
481	0.259581 0.135315 0.274781 0.330324 
482	0.23419 0.142148 0.293221 0.330441 
483	0.233696 0.137827 0.29814 0.330337 
484	0.272757 0.0824464 0.314486 0.33031 
485	0.242914 0.105901 0.321394 0.329791 
486	0.256092 0.119181 0.293941 0.330786 
487	0.251793 0.157426 0.263679 0.327103 
488	0.318879 0.0210588 0.329479 0.330583 
489	0.264961 0.0893566 0.327179 0.318504 
490	0.268148 0.0965518 0.304714 0.330586 
491	0.329098 0.0210916 0.325713 0.324097 
492	0.293571 0.0430791 0.331808 0.331542 
493	0.222373 0.129882 0.315459 0.332286 
494	0.22077 0.122978 0.325776 0.330475 
495	0.312065 0.201179 0.258825 0.227931 
496	0.31985 0.0263668 0.326797 0.326986 
497	0.245043 0.0950578 0.327541 0.332358 
498	0.31053 0.214833 0.145208 0.329429 
499	0.221595 0.18606 0.274332 0.318013 
