1	-0.318413 -1.21795 
4	0.934191 0.955815 
1	0.11434 -1.18215 
1	-0.129427 -1.35044 
2	-1.37035 -0.291296 
1	0.380823 -1.03335 
4	2.30297 1.12438 
1	0.738132 -0.203808 
1	0.412775 -1.09532 
1	0.768596 -0.396657 
1	-0.582098 -1.26806 
4	1.22486 2.24776 
1	0.205606 0.521452 
1	0.613733 -1.42572 
1	-0.42926 -1.40479 
1	-0.146402 -1.00298 
1	0.487215 -1.16702 
1	0.72461 0.314193 
1	-0.775164 -1.76437 
1	0.460854 -0.540745 
1	0.297798 0.393658 
1	-1.12522 -0.921624 
1	-0.437398 -1.47515 
1	0.296988 0.21225 
1	0.835655 0.772696 
1	-0.222597 -0.987062 
1	0.709054 0.0295938 
1	-1.03581 -0.783893 
1	-0.154336 -0.903512 
1	-0.936129 -0.524123 
1	-1.10386 -0.226117 
1	-0.329967 -0.881618 
1	0.269002 -0.0603524 
1	-0.0207737 -1.34409 
1	0.633716 -0.566964 
1	0.34031 -1.14003 
1	0.273869 -0.795425 
1	0.479971 -1.52739 
1	-0.191764 -1.5926 
1	0.198427 -0.563955 
1	-0.708187 -1.01164 
1	0.0277983 -0.927693 
1	0.556782 -0.0845066 
1	0.586366 0.344061 
1	0.0415406 -0.0523271 
1	-0.291614 -0.0303997 
1	0.718697 -0.36486 
1	-0.317402 -1.2322 
1	-0.0492014 -0.965957 
1	-0.317671 -1.46366 
1	0.0608426 -1.22161 
1	0.193056 0.497063 
1	0.394033 -0.489697 
1	-0.187711 -1.27262 
1	-0.902026 -0.742763 
1	0.398009 -0.615076 
1	0.547139 0.659244 
1	0.30047 -0.216224 
1	0.350037 -0.34257 
1	0.133647 0.552809 
1	0.0751844 -1.18873 
1	-0.681346 -1.03315 
1	-0.977154 -0.657288 
1	0.281728 -0.889849 
1	0.308945 0.0604364 
1	0.060532 -0.925386 
1	-0.245536 -0.680651 
3	0.430853 0.573307 
1	0.552547 0.139389 
1	-0.361399 -1.43214 
1	0.484287 -0.0444743 
1	-1.29994 -0.795604 
1	0.673778 -1.15982 
1	-0.463683 -1.14364 
1	0.408222 0.12445 
1	0.663592 0.488985 
1	-1.3221 -0.750155 
1	0.393407 0.756749 
1	0.294737 -0.713256 
1	-1.24166 -0.62682 
1	-0.851358 -0.678049 
3	-0.228219 -0.28741 
1	-0.547085 -1.25455 
1	0.226895 0.088813 
1	0.166577 0.479858 
1	0.343524 0.448778 
1	-0.96465 -1.5767 
1	0.10408 0.780012 
1	-1.34122 -1.48877 
1	0.553989 0.413215 
1	-1.12537 -0.897784 
1	-0.319234 -1.47488 
1	0.452894 0.0432313 
1	-0.369572 -0.953204 
1	0.110673 -1.23815 
1	0.216035 -0.281106 
1	0.591163 -0.125331 
1	0.176884 -1.27744 
1	0.935048 -0.194118 
1	0.0954758 -1.69441 
1	0.33601 -0.927746 
1	1.0474 0.536286 
1	0.467318 0.0826343 
1	0.320783 -0.203629 
1	0.606651 -0.962705 
1	-0.246388 -1.0525 
1	0.39494 0.385015 
1	-0.112951 0.329401 
1	0.261643 0.508223 
1	0.16852 -1.22767 
1	-0.478514 -1.51309 
1	0.136042 -1.02031 
1	0.186244 -0.608974 
1	0.297993 0.100261 
1	-0.166657 -0.931931 
1	-0.331301 -0.924447 
1	0.738861 -1.07823 
1	-0.014958 -1.34463 
1	-0.294034 -1.0255 
1	0.572032 -0.310592 
1	0.416019 -0.136391 
1	0.101506 -0.541879 
1	0.157861 -0.813256 
1	0.693995 -0.961084 
3	-0.63193 0.627418 
1	0.53725 -0.0487928 
2	-1.44691 -2.29081 
2	-1.26749 -0.256378 
2	-0.742898 0.291197 
2	-1.18913 -0.000137357 
2	-1.71058 -0.618787 
2	-0.939592 -0.242009 
2	-0.200879 -0.00817636 
3	0.332591 0.658231 
3	0.164182 1.3958 
3	-0.449715 1.55137 
2	-1.92994 -1.26993 
2	-1.3243 -1.56247 
2	-1.62598 -1.92747 
2	-1.56332 -2.27301 
2	-1.14384 -1.63202 
2	-1.74395 -1.72902 
2	-1.61146 -1.32471 
1	-0.416337 -1.20151 
2	-1.5204 -1.65802 
2	-1.56694 -1.06364 
2	-1.71381 -0.907228 
2	-1.64734 -0.509713 
2	-1.68497 -1.2144 
2	-1.5023 -0.310643 
2	-1.66234 -0.68925 
2	-0.14065 -0.176015 
2	-1.12314 -0.0533641 
2	-1.00829 -0.289914 
2	-1.59427 -1.70216 
2	-1.58743 -1.38994 
2	-0.238501 -0.0922339 
2	-0.336645 -0.636696 
2	-1.5008 -0.568597 
2	-1.23857 -2.12034 
2	-0.874485 -0.250166 
2	-1.18493 -2.01934 
2	-1.93451 -0.703231 
2	-0.897229 -0.106465 
2	-1.63138 -1.00539 
2	-1.7565 -0.0489908 
2	-0.944224 -0.084636 
2	-1.26362 -0.571523 
2	-0.434448 -0.756342 
2	-1.67539 -0.427029 
2	-1.43558 -0.0950586 
2	-1.41422 -1.15475 
2	-0.162597 -0.403994 
2	-0.208019 -0.189427 
2	-1.55818 -0.587674 
2	-1.57304 -2.28473 
2	-1.18835 -1.7832 
2	-0.17141 -0.219011 
2	-0.224634 0.0796351 
2	-0.512799 -0.0797941 
2	-1.451 -0.291166 
2	-0.175351 -0.375818 
4	0.271137 0.587003 
2	-0.177923 -0.0666507 
2	-1.64321 -1.87458 
2	-1.33072 -1.31462 
2	-1.28003 -1.67218 
2	-1.35907 -1.60853 
2	-1.14358 0.0542479 
2	0.152123 -0.0194262 
2	-1.18396 -1.91459 
2	-1.29076 -0.519242 
2	-0.703808 -0.581854 
2	-1.26469 -0.219335 
2	-1.05384 -2.09722 
2	-1.39241 -0.0833971 
2	-1.739 -0.636923 
2	-0.110791 -0.461081 
2	-1.84302 -1.41145 
2	-1.02022 -1.09612 
2	-1.25101 -0.352826 
2	-0.782134 -0.280267 
2	-0.14386 -0.15326 
2	-1.57813 -0.70583 
2	-1.81193 -1.34393 
2	-1.65333 -1.58808 
2	-0.908367 0.276011 
2	-0.796122 0.324328 
2	-1.68687 -0.30004 
2	-1.41625 -0.230932 
2	-0.467525 -0.378697 
4	1.19808 0.203993 
2	-1.45421 -2.11288 
2	-1.16983 -1.5703 
2	-1.16627 -0.590103 
2	0.121538 -0.714136 
2	-0.893319 0.257638 
2	-1.61712 -1.34364 
2	-1.67328 -1.84331 
2	-1.62572 -0.380485 
2	-1.7722 -1.47993 
2	-1.04183 -1.95033 
2	-1.38766 0.288282 
2	-0.395538 -0.236387 
2	-1.51656 -0.11335 
2	-1.26363 -0.295669 
2	-1.42041 -0.423415 
2	-0.793153 -0.280879 
2	-1.75539 -1.32392 
2	-1.60334 -0.19679 
2	-0.592958 -0.439091 
2	-0.711753 0.241656 
2	-1.24402 -2.22557 
2	-1.2965 -0.746682 
2	-1.57618 -1.74826 
2	-1.64179 -0.488642 
2	-1.18355 -1.32402 
2	-1.40879 -0.573462 
2	-2.27491 -1.70371 
2	-1.84544 -1.6946 
2	-0.744724 -0.094202 
2	-1.49487 0.325278 
2	-1.41564 -0.101851 
2	-1.23841 -1.54753 
2	0.0331202 -0.28094 
2	-0.966177 -1.48174 
2	-0.520235 -0.274059 
2	-0.724004 0.104948 
2	-1.55339 -0.226102 
2	-0.292892 -0.327231 
2	-0.7684 -0.485317 
2	-1.49027 -0.377907 
2	-1.13501 -0.814659 
2	-0.76305 0.303939 
2	-1.64815 -0.306178 
3	1.24481 1.09871 
3	0.402855 1.00628 
3	1.09729 0.667503 
3	-0.335024 0.814634 
3	-1.08148 -0.0149706 
3	0.747881 1.03049 
3	1.31647 1.3046 
3	0.92863 1.25841 
3	-0.126971 1.08178 
3	0.918269 1.67931 
3	0.338301 -1.42254 
3	-1.19388 0.286767 
3	1.13265 0.997437 
3	0.909592 1.14666 
3	-0.0317675 -0.667374 
3	-0.159273 -1.21733 
3	0.00101081 1.31412 
1	0.173057 -0.107616 
2	-1.06883 -0.280228 
1	-0.0922137 -1.29121 
3	0.205867 1.164 
3	0.0809539 0.738533 
3	-1.01203 0.601235 
3	0.262748 0.898464 
3	-0.391295 0.718503 
3	0.566486 1.61667 
3	0.0861188 0.656051 
3	1.02601 0.57048 
3	-0.394696 2.19495 
3	-0.35352 0.262335 
1	-0.510015 -0.82743 
3	-0.43424 -0.781862 
3	0.82728 1.67929 
3	1.23962 1.60828 
3	-0.268589 0.2748 
3	0.0309812 -0.632575 
3	-0.633686 1.10738 
3	-0.125755 -0.0586568 
3	1.01675 0.0438625 
3	-0.280746 0.553299 
3	0.570675 0.483418 
3	0.739847 1.31305 
3	-0.42759 1.04637 
3	0.921612 1.80183 
3	-0.313066 2.27382 
3	-0.480397 -0.00166046 
3	0.586017 1.20214 
3	0.119858 0.0701612 
3	-0.51005 0.381098 
3	0.459567 1.24806 
3	1.26817 0.577322 
3	-0.325268 0.834624 
3	0.24929 1.35908 
3	-0.638479 -0.0541697 
3	0.338539 1.2543 
3	-0.37549 1.04329 
3	0.730746 0.987487 
3	-0.227658 -2.06152 
3	-0.633734 -0.233333 
3	0.703973 1.70093 
3	0.0590306 0.720928 
3	0.206502 -0.00935642 
3	-0.813809 0.481248 
3	-0.0485192 1.26729 
3	-0.166435 0.231074 
3	-0.907334 0.0418277 
3	-0.292063 0.425929 
3	-0.502715 -0.142769 
3	-0.48795 0.290341 
3	1.18051 0.735626 
3	1.4439 0.966553 
3	-0.308083 -0.259428 
3	-0.617446 0.53666 
3	-0.292507 -0.991525 
3	0.536947 0.92372 
3	-0.457864 1.44405 
3	0.985832 0.811246 
3	0.608616 0.624797 
3	0.377802 1.0567 
3	1.55656 0.412155 
3	-0.917808 -0.433757 
3	-0.771737 -0.00279937 
3	-0.392727 -0.0238172 
3	1.14084 0.766978 
3	-0.00497669 1.59116 
3	-0.0693193 1.35184 
4	0.730377 -0.169133 
3	-0.616495 -0.525802 
3	-0.179008 1.17817 
3	-0.123385 1.1436 
3	0.481759 1.02733 
3	-1.14209 0.674828 
3	-0.550393 0.763681 
3	0.515848 0.534574 
3	-0.288054 -0.796162 
3	-0.0491502 -0.109545 
3	-0.31999 0.450534 
3	-0.740955 0.731362 
3	-0.738103 1.57078 
3	-0.0255273 0.214591 
3	-0.759415 0.454355 
3	-0.732469 -0.0225626 
3	-0.250993 0.79104 
3	-0.668136 0.0487533 
3	-0.42316 0.318772 
3	-0.240858 0.846964 
3	-0.0809722 1.07053 
3	0.90701 0.885918 
3	1.01565 1.323 
3	-0.71797 0.540967 
3	-0.287397 -0.582064 
3	-0.474423 0.866939 
3	-0.122518 1.20638 
3	0.0618105 1.35816 
3	-0.662492 0.911056 
3	0.720429 1.06265 
3	0.91381 1.17017 
3	-0.47898 1.00865 
3	0.297856 1.12056 
3	1.62418 -0.288714 
3	1.09476 1.054 
3	0.601433 1.81622 
3	-0.569728 0.485258 
4	1.79613 1.06263 
4	0.850674 1.90309 
1	-1.05947 -0.808073 
4	-0.333667 0.737735 
4	0.562363 -0.212391 
4	1.73773 0.423583 
4	0.214905 0.351634 
4	1.295 0.582403 
3	-0.623668 0.473985 
4	2.32855 0.651905 
4	1.85821 1.76589 
4	1.30973 1.05119 
4	1.75186 0.0835282 
4	0.981848 -0.00596714 
4	1.40673 0.892875 
4	1.69061 2.88735 
4	2.18288 2.42211 
4	2.7599 0.357891 
4	0.683011 1.9093 
4	1.06348 -0.0451388 
4	0.548041 0.257946 
4	1.58923 0.796025 
4	1.34196 -0.236989 
4	1.36499 2.32479 
4	1.36362 1.5666 
4	2.08094 2.0497 
4	0.502014 -0.308487 
4	1.60807 0.746168 
4	1.0483 -0.550284 
4	0.106666 0.739566 
4	1.22298 0.807485 
4	0.499996 0.56021 
4	0.61686 -0.228718 
4	0.355269 0.650053 
4	0.976498 0.441702 
4	1.63758 1.25497 
4	0.0485257 -0.6491 
4	1.54274 0.973628 
4	1.86581 2.42435 
4	1.46921 -0.436168 
4	1.02985 0.323228 
4	2.13346 1.07478 
4	0.393924 0.395524 
4	0.481766 -0.832231 
4	1.19288 -0.759639 
4	-0.0366269 0.504555 
4	0.443922 0.670929 
4	1.3266 1.7941 
4	1.70404 0.971097 
4	1.28615 0.256268 
4	1.40545 -0.24304 
4	0.819488 1.85281 
4	0.0135126 0.089699 
4	-0.208974 0.506182 
4	0.236565 1.2502 
4	0.551455 -0.155217 
4	1.62774 2.27514 
4	0.878695 -0.0849575 
4	1.35375 0.936014 
4	-0.141306 0.821014 
4	1.72157 0.416885 
4	1.84064 1.4494 
4	1.39446 0.410347 
4	1.87189 1.79075 
4	1.21872 1.66177 
4	0.924504 -0.204578 
4	1.44024 1.666 
4	-0.447662 0.790046 
4	1.24786 2.19036 
4	1.31499 0.0289724 
4	-0.131837 0.0278668 
4	0.0701781 0.473003 
4	2.13631 1.16363 
4	0.669578 -0.487162 
4	1.04361 1.17431 
4	1.35449 0.6293 
4	0.379809 -0.185724 
4	0.289496 0.297817 
4	1.24938 1.33544 
4	1.5647 2.12974 
4	1.8099 -0.0763715 
4	0.987028 -0.279314 
4	0.474429 0.199904 
4	0.60337 -0.0758795 
4	1.40063 1.45306 
4	1.11073 0.103701 
4	-0.109469 0.556651 
4	1.07246 1.77117 
4	1.38245 1.70386 
4	0.298939 0.686925 
4	1.24475 -0.408938 
4	0.623731 0.109045 
4	2.00954 0.51694 
4	1.11282 1.14247 
4	0.552118 0.532389 
4	1.21381 0.159527 
4	-0.152325 0.347345 
4	1.90156 0.156222 
4	2.03437 1.41557 
4	1.25219 2.03888 
4	1.94159 1.50698 
4	1.48422 1.11254 
4	1.36188 1.88776 
4	1.59153 0.499899 
4	0.969645 -0.0941001 
4	0.242667 0.626422 
4	1.83904 0.359216 
4	2.25325 0.815988 
4	1.74058 0.651235 
4	1.68285 0.567544 
4	0.821285 1.47541 
4	1.68588 0.44688 
4	0.863668 0.883934 
4	-0.0947772 0.498247 
4	1.4717 1.98536 
4	0.552777 0.444801 
4	1.0161 0.691869 
4	0.872098 0.375194 
4	0.533432 0.379077 
1	0.427669 -0.85764 
4	1.88978 0.717748 
4	0.958978 3.01456 
